1 4.389414e-02 5.567484e-02
2 8.781492e-02 1.113887e-01
10 4.391812e-01 5.570999e-01
20 8.783891e-01 1.114239e+00
30 1.317597e+00 1.671378e+00
40 1.756805e+00 2.228517e+00
40 1.756805e+00 2.228517e+00
40 1.756805e+00 2.228517e+00
40 1.756805e+00 2.228517e+00
40 1.756805e+00 2.228517e+00
40 1.756805e+00 2.228517e+00
40 1.756805e+00 2.228517e+00
40 1.756805e+00 2.228517e+00
3.376688e+01 1.483041e+00 1.881245e+00
5.571536e+01 1.310241e+00 3.077503e+00
5.571536e+01 2.496655e+00 3.123910e+00
3.376688e+01 1.513083e+00 1.893225e+00
3.376688e+01 1.513083e+00 1.893225e+00
3.376688e+01 1.512923e+00 1.893227e+00
3.376688e+01 1.512923e+00 1.893227e+00
3.376688e+01 1.512724e+00 1.893230e+00
5.065032e+01 1.132079e+00 1.699654e+00
3.376688e+01 7.547335e-01 1.133058e+00
3.376688e+01 7.546101e-01 1.133062e+00
3.376688e+01 7.647295e-01 1.132749e+00
